-0.2384713467534086
1.2451997475722643
-0.3455089296264061
0.3069747911159039
0.5562126222080579
-0.8924103376378995
1.1521840962786782
-0.007298028097041642
0.05742283174529949
1.3743260372561255
-0.6725671323102964
-0.8315252437228962
1.6286794249957977
-0.3660002441191732
-0.8285519177262359
1.020449887807345
0.23084015486229695
0.9990900238637646
-0.788294619087444
-0.2325777166056316
-0.6689981697098137
1.7481218339450368
-0.43235233498923364
0.03081221654582822
-0.8475012507253198
-1.7482525755171547
0.6398076109067667
-0.23388038192631821
-0.31570838540419166
0.6208888271588243
1.156094070166926
-0.11340433810028497
-1.1417076378261626
-0.4356248545960348
-0.6305568837840457
1.196411386381849
-1.2783194710396417
1.6364427013418141
1.4889098060693917
0.19365201687932168
-0.48824028226138916
1.0407047979666275
-0.5872278771536543
-0.026906041333899545
0.5606358551300642
-0.5428170326433372
1.176452460131978
1.728379756787524
0.4350201595111942
-0.3298629134065896
-1.2276912176694839
-1.8310914278455892
-0.034127680821989824
-0.7981045083693316
1.55606168410192
1.3986568645513195
0.8080715705076881
1.2397954170194267
0.017344099626918144
0.3943938309804995
0.5215965274239166
0.4191041075998526
-1.555398358973015
-0.4018703966343349
-1.5137051513922015
0.10623252696800858
-0.27696968615661877
0.06992883451990921
0.6945921579366858
-0.2857036797931659
0.7439218269722373
-0.10807163762802723
-0.4274345723453576
0.2712287966821686
-0.3932118905465449
-0.8988091452894164
-0.45538087614023215
1.4657890264579023
-0.41892672553777405
1.4663059039697948
-0.3668497026350931
-0.9848189340444516
0.20937388685492409
-1.0310218413089693
0.31480994073721297
1.765937877899862
-1.9094425586254848
1.881597712161142
-0.48414947125106955
1.3198278242611767
0.5511731159123847
1.0882657730751073
-0.6319655670296311
-0.7299287989424906
-1.8218408289376569
0.6574018376992001
0.44450142346582805
-0.4956208195289385
-0.5475575285056269
-1.6685350416634805
1.2967667499631257
-1.039232500708634
0.19120234021863225
0.10865611485360167
0.9730720632191476
-0.35664161138400025
0.012836602612087973
0.10578809144428943
0.638565744501493
1.1126194433763528
0.24042002619621033
-0.8039574317979851
1.294096963420129
-0.4385991014748904
-0.9737252990539844
-0.8863564637925214
-0.36807773573200625
0.15855680508086398
-0.4661045412754962
0.14734232016190535
0.2927326667054345
-0.8173864236673999
0.839807363445829
-0.09234571496676915
0.933623842173299
-0.06536396892213663
-0.05707568030203066
-0.5160870584418674
-0.46517592238136335
0.47199438684541284
1.106136679616674
1.0242826918459702
-0.32302086449245426
0.7032944128456767
0.16589722757185119
-0.9979496476655298
0.21678252258817657
0.5077424938112053
-0.09317410674013832
-0.7056337221868545
-0.19732602486795545
2.665144200060014
1.2791322640527907
0.6597363743815395
0.6502175003065478
-0.8692899450121291
0.5039568712943195
-2.275940037178957
-0.9380444171561889
1.7216996239736913
-0.024242088910097482
-0.8265654136509869
-0.7697734919076019
0.026394194361034302
-1.1217916129467893
-0.5571840783514258
-0.3452275374855541
0.63565833731782
-0.1924386054409992
-1.346005894627997
0.08139468729026661
1.6592259228796726
0.48535399365124837
-0.743077013857214
-1.0324899864821804
-0.8634221549903895
-0.6088930247190091
-0.06615728389453615
0.5068222864165925
-0.11144234393501269
-0.057061717562075856
-2.599111783230717
1.4455399982850496
0.05181731518777439
-1.0945612681578412
-0.29138169344915194
-2.203344588726255
-1.8789066901535176
0.18249191083746458
-0.3329160788103134
-0.016087600800027066
0.34987742186216264
-1.6546361170327155
-1.4157834544758103
1.145235409202839
1.6252129957574915
2.051891292625965
-2.047596140166396
0.5194758406141622
-1.2687503807549025
2.465108879436293
0.13277494936727385
-0.1919690717212996
-0.8927509756132577
1.8572439966349663
0.4293946796661028
0.18671415334181268
0.6525370678034919
0.5119846690593709
-0.6002721191499866
94.43712002120964
-4.60590767573743
-25.049896897479222
93.57802365732556
144.38691687462745
-132.19092444832003
106.35962272418283
27.56534723333626
110.42671722034741
-87.65985752448493
98.27261831464116
-46.019702912292466
-212.3386830805728
31.58820624145065
18.25308517559387
84.30086641062694
-151.10699767418336
34.82575523914286
14.978098023214804
122.92777899281916
33.50592918174652
-55.08279198336813
-7.828001294597944
242.79625275856628
6.597313874152744
-268.31611209872074
-64.05138231988211
261.71664582082815
172.64069693618666
62.9945049550756
88.89115691761009
-180.5065474386836
-112.52374408399896
-37.75277162895486
36.97239214080025
78.02745554936226
2.3089584438410515
-92.92311925766974
101.49391740812744
107.83614405444874
-128.48405220852774
-58.965148510293304
160.25960626941966
1.5387950814095372
79.42120430024477
136.3040487419576
-147.91081720812548
-107.89680194745874
10.499785883425918
-199.567971522976
46.64250630553666
9.088794907764033
67.78912264374783
-16.97601879325638
139.1516403009621
-31.998312804419335
82.98261943972506
-144.4628691264595
-43.03088676948944
-45.64245852923402
-44.09356402032251
84.26304643939235
67.17971753520604
-29.397133776986617
-6.823007631914816
166.69697310422427
21.856679486353812
-61.46182042413557
70.54834138966069
-51.71310743063155
178.82532990647042
155.25766273997237
9.956833065211262
-172.24563991558932
63.4882647956437
-70.29445718296375
-79.02531029461336
-130.2662745066598
32.42999747768069
-126.66018417420077
136.0233180093221
-9.928005005116693
-170.0430611524587
-83.41171344131412
45.252088871300124
-215.80978532072422
119.06356014443061
-113.0273726601139
-357.95278666640354
-1.3972184169463677
36.45028542656568
-265.45096956694977
264.88248241280576
27.06303051748852
-45.23589649498986
255.8464698497421
-107.99132950164622
201.62887531194346
73.27318136963102
-4.32148590949628
